lightgbm:
  colsample_bytree: 0.5057717312440626
  learning_rate: 0.0674879984975894
  max_depth: 5
  min_child_samples: 17
  num_leaves: 42
  reg_alpha: 1.8742450132661552e-06
  reg_lambda: 1.2472403484004457e-07
  subsample: 0.5017400909129055
xgboost:
  colsample_bytree: 0.9265224535978751
  learning_rate: 0.053939076596510226
  max_depth: 5
  min_child_weight: 10
  reg_alpha: 2.5341184255853644e-07
  reg_lambda: 8.695770046722775e-07
  subsample: 0.9562354389688843
